411343532572571257257257174097257125725717
43521740972572724097174097272436840972724353174112
41134112435217409716436843522572572724097257164112
40962724097272411241124097257125727340961743684112
435225727240972724096272411343522572572724352174112
409725725727243694112436941124369436943694097174352272
4352257257174369436843694096257273436941124368409717
40972734097272436943694369411243694369436940962572724112
411240972724353257174369411243694353257164113409716
41124352257257257164369411243694369436943521641124368
409612734097174352257256257174353257272435217
411241124097272435225725725717435225725725725716
411241124352174353125717411240971257257257272
411243522572724097272409727243522724368435325725717
43522572572572724353256257257257257257257257272
